
Loading the dbase object from a pickle file


Working on file: /Users/vrn953/Documents/OfficeProjects/SciPy/./dbase_test_files/data.pickle
Variable names from dbase class
['a', 'c', 'b']

Data from dbase class
[[ 0.0694087 -0.320864   1.3925794]
 [ 0.9258824 -1.917774   0.3407899]
 [ 0.1345921 -0.482487  -0.983089 ]
 [-0.645815  -1.38057   -0.950351 ]
 [-0.446571  -0.455086  -1.508814 ]
 [ 1.3046501  0.477034   0.1949804]
 [ 0.7620754 -0.191757   1.9918968]
 [-0.600172   0.0918276  1.0025656]
 [ 1.6936854  0.9686822 -0.431852 ]
 [-0.900123  -0.159662   0.2764411]
 [-1.745039  -0.6752     0.2220929]
 [-0.265767  -1.259173   0.5515251]
 [-1.507992   0.4957601 -2.197444 ]
 [ 1.3187914  0.7751794 -0.985871 ]
 [ 1.3980637  0.5749641 -0.287205 ]
 [-0.450062  -1.283533   0.3688725]
 [ 0.6505531  3.15803    0.5347698]
 [-0.650102  -0.890927   0.338319 ]
 [-1.064653   1.7246503 -1.180844 ]
 [ 1.7441623 -1.291192   0.1720635]
 [ 0.984828  -1.271136  -2.342198 ]
 [ 0.7464584 -0.485574  -1.711163 ]
 [-0.541423  -0.324263  -0.690574 ]
 [ 0.5008649 -0.445746   1.3619866]
 [ 0.3698545 -0.140815  -0.158266 ]
 [-0.247453   2.0049133 -0.472755 ]
 [-0.331988  -0.715446  -0.911298 ]
 [ 0.9266682  1.2213777  0.0908076]
 [-0.571366  -1.077431   0.8715457]
 [-0.868281   0.4324527 -1.02535  ]
 [-1.431318   0.9818134  0.1371836]
 [ 0.334877   0.1507487  0.7550593]
 [ 0.9746431 -0.833514  -2.108704 ]
 [-1.505898  -0.867665   0.0775649]
 [ 0.0089941  0.1765549 -0.221558 ]
 [-1.070386  -0.2691     0.1855911]
 [ 2.1174897 -0.183796  -0.317514 ]
 [-1.440901   1.0519044 -0.988715 ]
 [ 0.1417783  1.1634952 -1.715884 ]
 [-1.134658  -0.024188  -1.634344 ]
 [-0.129775   0.8094375  0.6482795]
 [-0.224267   0.2021907  0.9193615]
 [ 0.6171915  0.3891574  0.9143894]
 [-0.990477   0.5339585  1.6132953]
 [ 1.2559178  1.2050498  1.8156748]
 [ 0.2978874  0.4057602  0.019603 ]
 [ 0.821484   0.3893565 -0.839703 ]
 [ 0.6013626 -1.490267   1.4093481]
 [ 0.2193308 -0.576225  -1.136894 ]
 [ 0.0423425  0.9887564  0.2009319]
 [ 0.5982317  1.4009615  0.1513972]
 [ 1.0615186 -0.544164   0.4909858]
 [-0.838471  -0.562334  -1.07167  ]
 [ 0.6457198 -0.338423  -0.201424 ]
 [-0.213679   0.7226356 -0.147349 ]
 [ 1.6191935 -1.726089   0.2714956]
 [ 1.7293048 -0.275074   1.0615976]
 [-0.106804  -1.12245    0.5742986]
 [ 1.2071154 -1.646982  -0.211431 ]
 [-0.353868   1.3009728 -0.032269 ]
 [ 0.2704887 -1.020161   0.7571455]
 [ 1.0053195 -0.851275   0.3837993]
 [-0.52732    0.8521821  0.1509305]
 [-0.15425    0.450723   1.5025498]
 [-0.418091  -0.952532   1.3430906]
 [-1.337089   1.4851268  0.5220186]
 [ 2.1125303  0.4359569 -0.534189 ]
 [-0.910895   2.0972244  0.481005 ]
 [-0.161594   0.4547044 -0.5568   ]
 [ 0.1419203 -0.309613  -0.599043 ]
 [-1.282271  -0.236241   1.2813828]
 [-1.397499   1.9925002  1.0115392]
 [-0.845799   0.4562354 -1.632721 ]
 [ 0.7814336 -0.215442   0.6826379]
 [ 1.8623952  2.5122882  1.8266496]
 [-1.001198   0.6628702  1.4124391]
 [ 1.8876655  1.3993672 -0.052001 ]
 [-0.458787  -1.775333  -0.020658 ]
 [-1.326884   0.3216258 -0.442487 ]
 [ 0.559105  -1.343192  -1.860318 ]
 [ 1.213873  -0.437094  -1.166487 ]
 [ 0.3221146 -1.629755   0.3857605]
 [-1.227011  -1.03554   -0.949164 ]
 [-1.028272  -0.13028   -0.554425 ]
 [-0.189894  -0.286954   0.7315159]
 [ 1.0239217  0.2999289  1.213625 ]
 [-1.673694  -1.692458  -0.228017 ]
 [ 1.542574  -0.48121    0.1799529]
 [ 0.0971376  1.4170259  1.2413312]
 [ 0.472611   1.2180555 -1.140549 ]
 [-1.932025   0.3946048 -0.16206  ]
 [-0.024286   0.4616185  0.0829851]
 [ 0.0708133 -0.928506  -0.242091 ]
 [-0.929701  -0.526985  -1.48752  ]
 [-0.543081   1.393011   0.1164292]
 [-2.272606   0.6439721  0.1329092]
 [ 2.500139  -1.67672   -0.339355 ]
 [-0.25105    1.1457066 -0.563545 ]
 [-1.541169  -1.018563  -2.693634 ]
 [ 0.5811748  1.8030994  0.5123569]]

Date series [ 730493.  730500.  730507.  730514.  730521.  730528.  730535.  730542.
  730549.  730556.  730563.  730570.  730577.  730584.  730591.  730598.
  730605.  730612.  730619.  730626.  730633.  730640.  730647.  730654.
  730661.  730668.  730675.  730682.  730689.  730696.  730703.  730710.
  730717.  730724.  730731.  730738.  730745.  730752.  730759.  730766.
  730773.  730780.  730787.  730794.  730801.  730808.  730815.  730822.
  730829.  730836.  730843.  730850.  730857.  730864.  730871.  730878.
  730885.  730892.  730899.  730906.  730913.  730920.  730927.  730934.
  730941.  730948.  730955.  730962.  730969.  730976.  730983.  730990.
  730997.  731004.  731011.  731018.  731025.  731032.  731039.  731046.
  731053.  731060.  731067.  731074.  731081.  731088.  731095.  731102.
  731109.  731116.  731123.  731130.  731137.  731144.  731151.  731158.
  731165.  731172.  731179.  731186.]

Two columns selected using variable names
['a', 'c'] 
[[ 0.0694087 -0.320864 ]
 [ 0.9258824 -1.917774 ]
 [ 0.1345921 -0.482487 ]
 [-0.645815  -1.38057  ]
 [-0.446571  -0.455086 ]
 [ 1.3046501  0.477034 ]
 [ 0.7620754 -0.191757 ]
 [-0.600172   0.0918276]
 [ 1.6936854  0.9686822]
 [-0.900123  -0.159662 ]
 [-1.745039  -0.6752   ]
 [-0.265767  -1.259173 ]
 [-1.507992   0.4957601]
 [ 1.3187914  0.7751794]
 [ 1.3980637  0.5749641]
 [-0.450062  -1.283533 ]
 [ 0.6505531  3.15803  ]
 [-0.650102  -0.890927 ]
 [-1.064653   1.7246503]
 [ 1.7441623 -1.291192 ]
 [ 0.984828  -1.271136 ]
 [ 0.7464584 -0.485574 ]
 [-0.541423  -0.324263 ]
 [ 0.5008649 -0.445746 ]
 [ 0.3698545 -0.140815 ]
 [-0.247453   2.0049133]
 [-0.331988  -0.715446 ]
 [ 0.9266682  1.2213777]
 [-0.571366  -1.077431 ]
 [-0.868281   0.4324527]
 [-1.431318   0.9818134]
 [ 0.334877   0.1507487]
 [ 0.9746431 -0.833514 ]
 [-1.505898  -0.867665 ]
 [ 0.0089941  0.1765549]
 [-1.070386  -0.2691   ]
 [ 2.1174897 -0.183796 ]
 [-1.440901   1.0519044]
 [ 0.1417783  1.1634952]
 [-1.134658  -0.024188 ]
 [-0.129775   0.8094375]
 [-0.224267   0.2021907]
 [ 0.6171915  0.3891574]
 [-0.990477   0.5339585]
 [ 1.2559178  1.2050498]
 [ 0.2978874  0.4057602]
 [ 0.821484   0.3893565]
 [ 0.6013626 -1.490267 ]
 [ 0.2193308 -0.576225 ]
 [ 0.0423425  0.9887564]
 [ 0.5982317  1.4009615]
 [ 1.0615186 -0.544164 ]
 [-0.838471  -0.562334 ]
 [ 0.6457198 -0.338423 ]
 [-0.213679   0.7226356]
 [ 1.6191935 -1.726089 ]
 [ 1.7293048 -0.275074 ]
 [-0.106804  -1.12245  ]
 [ 1.2071154 -1.646982 ]
 [-0.353868   1.3009728]
 [ 0.2704887 -1.020161 ]
 [ 1.0053195 -0.851275 ]
 [-0.52732    0.8521821]
 [-0.15425    0.450723 ]
 [-0.418091  -0.952532 ]
 [-1.337089   1.4851268]
 [ 2.1125303  0.4359569]
 [-0.910895   2.0972244]
 [-0.161594   0.4547044]
 [ 0.1419203 -0.309613 ]
 [-1.282271  -0.236241 ]
 [-1.397499   1.9925002]
 [-0.845799   0.4562354]
 [ 0.7814336 -0.215442 ]
 [ 1.8623952  2.5122882]
 [-1.001198   0.6628702]
 [ 1.8876655  1.3993672]
 [-0.458787  -1.775333 ]
 [-1.326884   0.3216258]
 [ 0.559105  -1.343192 ]
 [ 1.213873  -0.437094 ]
 [ 0.3221146 -1.629755 ]
 [-1.227011  -1.03554  ]
 [-1.028272  -0.13028  ]
 [-0.189894  -0.286954 ]
 [ 1.0239217  0.2999289]
 [-1.673694  -1.692458 ]
 [ 1.542574  -0.48121  ]
 [ 0.0971376  1.4170259]
 [ 0.472611   1.2180555]
 [-1.932025   0.3946048]
 [-0.024286   0.4616185]
 [ 0.0708133 -0.928506 ]
 [-0.929701  -0.526985 ]
 [-0.543081   1.393011 ]
 [-2.272606   0.6439721]
 [ 2.500139  -1.67672  ]
 [-0.25105    1.1457066]
 [-1.541169  -1.018563 ]
 [ 0.5811748  1.8030994]]

Saving data and variable names to a different csv file
None

Two variable names added
['a', 'x2', 'c', 'b', 'x1']

Two columns added
[[  6.94087000e-02  -2.22707531e-02  -3.20864000e-01   1.39257940e+00
    9.66571258e-02]
 [  9.25882400e-01  -1.77563319e+00  -1.91777400e+00   3.40789900e-01
    3.15531371e-01]
 [  1.34592100e-01  -6.49389386e-02  -4.82487000e-01  -9.83089000e-01
   -1.32316013e-01]
 [ -6.45815000e-01   8.91592815e-01  -1.38057000e+00  -9.50351000e-01
    6.13750931e-01]
 [ -4.46571000e-01   2.03228210e-01  -4.55086000e-01  -1.50881400e+00
    6.73792577e-01]
 [  1.30465010e+00   6.22362456e-01   4.77034000e-01   1.94980400e-01
    2.54381198e-01]
 [  7.62075400e-01  -1.46133292e-01  -1.91757000e-01   1.99189680e+00
    1.51797555e+00]
 [ -6.00172000e-01  -5.51123543e-02   9.18276000e-02   1.00256560e+00
   -6.01711801e-01]
 [  1.69368540e+00   1.64064290e+00   9.68682200e-01  -4.31852000e-01
   -7.31421427e-01]
 [ -9.00123000e-01   1.43715438e-01  -1.59662000e-01   2.76441100e-01
   -2.48830992e-01]
 [ -1.74503900e+00   1.17825033e+00  -6.75200000e-01   2.22092900e-01
   -3.87560772e-01]
 [ -2.65767000e-01   3.34646631e-01  -1.25917300e+00   5.51525100e-01
   -1.46577171e-01]
 [ -1.50799200e+00  -7.47602265e-01   4.95760100e-01  -2.19744400e+00
    3.31372797e+00]
 [  1.31879140e+00   1.02229993e+00   7.75179400e-01  -9.85871000e-01
   -1.30015820e+00]
 [  1.39806370e+00   8.03836437e-01   5.74964100e-01  -2.87205000e-01
   -4.01530885e-01]
 [ -4.50062000e-01   5.77669429e-01  -1.28353300e+00   3.68872500e-01
   -1.66015495e-01]
 [  6.50553100e-01   2.05446621e+00   3.15803000e+00   5.34769800e-01
    3.47896151e-01]
 [ -6.50102000e-01   5.79193425e-01  -8.90927000e-01   3.38319000e-01
   -2.19941859e-01]
 [ -1.06465300e+00  -1.83615412e+00   1.72465030e+00  -1.18084400e+00
    1.25718911e+00]
 [  1.74416230e+00  -2.25204841e+00  -1.29119200e+00   1.72063500e-01
    3.00106670e-01]
 [  9.84828000e-01  -1.25185032e+00  -1.27113600e+00  -2.34219800e+00
   -2.30666217e+00]
 [  7.46458400e-01  -3.62460791e-01  -4.85574000e-01  -1.71116300e+00
   -1.27731200e+00]
 [ -5.41423000e-01   1.75563446e-01  -3.24263000e-01  -6.90574000e-01
    3.73892647e-01]
 [  5.00864900e-01  -2.23258526e-01  -4.45746000e-01   1.36198660e+00
    6.82171282e-01]
 [  3.69854500e-01  -5.20810614e-02  -1.40815000e-01  -1.58266000e-01
   -5.85353923e-02]
 [ -2.47453000e-01  -4.96121811e-01   2.00491330e+00  -4.72755000e-01
    1.16984643e-01]
 [ -3.31988000e-01   2.37519487e-01  -7.15446000e-01  -9.11298000e-01
    3.02540000e-01]
 [  9.26668200e-01   1.13181187e+00   1.22137770e+00   9.08076000e-02
    8.41485152e-02]
 [ -5.71366000e-01   6.15607441e-01  -1.07743100e+00   8.71545700e-01
   -4.97971580e-01]
 [ -8.68281000e-01  -3.75490463e-01   4.32452700e-01  -1.02535000e+00
    8.90291923e-01]
 [ -1.43131800e+00  -1.40528719e+00   9.81813400e-01   1.37183600e-01
   -1.96353356e-01]
 [  3.34877000e-01   5.04822724e-02   1.50748700e-01   7.55059300e-01
    2.52851993e-01]
 [  9.74643100e-01  -8.12378669e-01  -8.33514000e-01  -2.10870400e+00
   -2.05523380e+00]
 [ -1.50589800e+00   1.30661499e+00  -8.67665000e-01   7.75649000e-02
   -1.16804828e-01]
 [  8.99410000e-03   1.58795243e-03   1.76554900e-01  -2.21558000e-01
   -1.99271481e-03]
 [ -1.07038600e+00   2.88040873e-01  -2.69100000e-01   1.85591100e-01
   -1.98654115e-01]
 [  2.11748970e+00  -3.89186137e-01  -1.83796000e-01  -3.17514000e-01
   -6.72332625e-01]
 [ -1.44090100e+00  -1.51569010e+00   1.05190440e+00  -9.88715000e-01
    1.42464043e+00]
 [  1.41778300e-01   1.64958372e-01   1.16349520e+00  -1.71588400e+00
   -2.43275117e-01]
 [ -1.13465800e+00   2.74451077e-02  -2.41880000e-02  -1.63434400e+00
    1.85442149e+00]
 [ -1.29775000e-01  -1.05044752e-01   8.09437500e-01   6.48279500e-01
   -8.41304721e-02]
 [ -2.24267000e-01  -4.53447017e-02   2.02190700e-01   9.19361500e-01
   -2.06182446e-01]
 [  6.17191500e-01   2.40184639e-01   3.89157400e-01   9.14389400e-01
    5.64353365e-01]
 [ -9.90477000e-01  -5.28873613e-01   5.33958500e-01   1.61329530e+00
   -1.59793189e+00]
 [  1.25591780e+00   1.51344349e+00   1.20504980e+00   1.81567480e+00
    2.28033830e+00]
 [  2.97887400e-01   1.20870851e-01   4.05760200e-01   1.96030000e-02
    5.83948670e-03]
 [  8.21484000e-01   3.19850135e-01   3.89356500e-01  -8.39703000e-01
   -6.89802579e-01]
 [  6.01362600e-01  -8.96190838e-01  -1.49026700e+00   1.40934810e+00
    8.47529238e-01]
 [  2.19330800e-01  -1.26383890e-01  -5.76225000e-01  -1.13689400e+00
   -2.49355871e-01]
 [  4.23425000e-02   4.18664179e-02   9.88756400e-01   2.00931900e-01
    8.50795898e-03]
 [  5.98231700e-01   8.38099580e-01   1.40096150e+00   1.51397200e-01
    9.05706043e-02]
 [  1.06151860e+00  -5.77640207e-01  -5.44164000e-01   4.90985800e-01
    5.21190559e-01]
 [ -8.38471000e-01   4.71500751e-01  -5.62334000e-01  -1.07167000e+00
    8.98564217e-01]
 [  6.45719800e-01  -2.18526432e-01  -3.38423000e-01  -2.01424000e-01
   -1.30063465e-01]
 [ -2.13679000e-01  -1.54412052e-01   7.22635600e-01  -1.47349000e-01
    3.14853870e-02]
 [  1.61919350e+00  -2.79487209e+00  -1.72608900e+00   2.71495600e-01
    4.39603911e-01]
 [  1.72930480e+00  -4.75686789e-01  -2.75074000e-01   1.06159760e+00
    1.83582583e+00]
 [ -1.06804000e-01   1.19882150e-01  -1.12245000e+00   5.74298600e-01
   -6.13373877e-02]
 [  1.20711540e+00  -1.98809734e+00  -1.64698200e+00  -2.11431000e-01
   -2.55221616e-01]
 [ -3.53868000e-01  -4.60372643e-01   1.30097280e+00  -3.22690000e-02
    1.14189665e-02]
 [  2.70488700e-01  -2.75942023e-01  -1.02016100e+00   7.57145500e-01
    2.04799302e-01]
 [  1.00531950e+00  -8.55803357e-01  -8.51275000e-01   3.83799300e-01
    3.85840920e-01]
 [ -5.27320000e-01  -4.49372665e-01   8.52182100e-01   1.50930500e-01
   -7.95886713e-02]
 [ -1.54250000e-01  -6.95240227e-02   4.50723000e-01   1.50254980e+00
   -2.31768307e-01]
 [ -4.18091000e-01   3.98245056e-01  -9.52532000e-01   1.34309060e+00
   -5.61534092e-01]
 [ -1.33708900e+00  -1.98574671e+00   1.48512680e+00   5.22018600e-01
   -6.97985328e-01]
 [  2.11253030e+00   9.20972161e-01   4.35956900e-01  -5.34189000e-01
   -1.12849045e+00]
 [ -9.10895000e-01  -1.91035122e+00   2.09722440e+00   4.81005000e-01
   -4.38145049e-01]
 [ -1.61594000e-01  -7.34775028e-02   4.54704400e-01  -5.56800000e-01
    8.99755392e-02]
 [  1.41920300e-01  -4.39403698e-02  -3.09613000e-01  -5.99043000e-01
   -8.50163623e-02]
 [ -1.28227100e+00   3.02924983e-01  -2.36241000e-01   1.28138280e+00
   -1.64308000e+00]
 [ -1.39749900e+00  -2.78451704e+00   1.99250020e+00   1.01153920e+00
   -1.41362502e+00]
 [ -8.45799000e-01  -3.85883445e-01   4.56235400e-01  -1.63272100e+00
    1.38095379e+00]
 [  7.81433600e-01  -1.68353618e-01  -2.15442000e-01   6.82637900e-01
    5.33436192e-01]
 [  1.86239520e+00   4.67887348e+00   2.51228820e+00   1.82664960e+00
    3.40194345e+00]
 [ -1.00119800e+00  -6.63664318e-01   6.62870200e-01   1.41243910e+00
   -1.41413120e+00]
 [  1.88766550e+00   2.64153719e+00   1.39936720e+00  -5.20010000e-02
   -9.81604937e-02]
 [ -4.58787000e-01   8.14499701e-01  -1.77533300e+00  -2.06580000e-02
    9.47762185e-03]
 [ -1.32688400e+00  -4.26760128e-01   3.21625800e-01  -4.42487000e-01
    5.87128921e-01]
 [  5.59105000e-01  -7.50985363e-01  -1.34319200e+00  -1.86031800e+00
   -1.04011310e+00]
 [  1.21387300e+00  -5.30576605e-01  -4.37094000e-01  -1.16648700e+00
   -1.41596707e+00]
 [  3.22114600e-01  -5.24967880e-01  -1.62975500e+00   3.85760500e-01
    1.24259089e-01]
 [ -1.22701100e+00   1.27061897e+00  -1.03554000e+00  -9.49164000e-01
    1.16463467e+00]
 [ -1.02827200e+00   1.33963276e-01  -1.30280000e-01  -5.54425000e-01
    5.70099704e-01]
 [ -1.89894000e-01   5.44908429e-02  -2.86954000e-01   7.31515900e-01
   -1.38910480e-01]
 [  1.02392170e+00   3.07103709e-01   2.99928900e-01   1.21362500e+00
    1.24265697e+00]
 [ -1.67369400e+00   2.83265680e+00  -1.69245800e+00  -2.28017000e-01
    3.81630685e-01]
 [  1.54257400e+00  -7.42302035e-01  -4.81210000e-01   1.79952900e-01
    2.77590665e-01]
 [  9.71376000e-02   1.37646495e-01   1.41702590e+00   1.24133120e+00
    1.20579934e-01]
 [  4.72611000e-01   5.75666428e-01   1.21805550e+00  -1.14054900e+00
   -5.39036003e-01]
 [ -1.93202500e+00  -7.62386339e-01   3.94604800e-01  -1.62060000e-01
    3.13103972e-01]
 [ -2.42860000e-02  -1.12108669e-02   4.61618500e-01   8.29851000e-02
   -2.01537614e-03]
 [  7.08133000e-02  -6.57505739e-02  -9.28506000e-01  -2.42091000e-01
   -1.71432626e-02]
 [ -9.29701000e-01   4.89938481e-01  -5.26985000e-01  -1.48752000e+00
    1.38294883e+00]
 [ -5.43081000e-01  -7.56517807e-01   1.39301100e+00   1.16429200e-01
   -6.32304864e-02]
 [ -2.27260600e+00  -1.46349486e+00   6.43972100e-01   1.32909200e-01
   -3.02050245e-01]
 [  2.50013900e+00  -4.19203306e+00  -1.67672000e+00  -3.39355000e-01
   -8.48434670e-01]
 [ -2.51050000e-01  -2.87629642e-01   1.14570660e+00  -5.63545000e-01
    1.41477972e-01]
 [ -1.54116900e+00   1.56977772e+00  -1.01856300e+00  -2.69363400e+00
    4.15134522e+00]
 [  5.81174800e-01   1.04791593e+00   1.80309940e+00   5.12356900e-01
    2.97768919e-01]]

Two variable names deleted
['c', 'b', 'x1']

Two columns deleted
[[ -3.20864000e-01   1.39257940e+00   9.66571258e-02]
 [ -1.91777400e+00   3.40789900e-01   3.15531371e-01]
 [ -4.82487000e-01  -9.83089000e-01  -1.32316013e-01]
 [ -1.38057000e+00  -9.50351000e-01   6.13750931e-01]
 [ -4.55086000e-01  -1.50881400e+00   6.73792577e-01]
 [  4.77034000e-01   1.94980400e-01   2.54381198e-01]
 [ -1.91757000e-01   1.99189680e+00   1.51797555e+00]
 [  9.18276000e-02   1.00256560e+00  -6.01711801e-01]
 [  9.68682200e-01  -4.31852000e-01  -7.31421427e-01]
 [ -1.59662000e-01   2.76441100e-01  -2.48830992e-01]
 [ -6.75200000e-01   2.22092900e-01  -3.87560772e-01]
 [ -1.25917300e+00   5.51525100e-01  -1.46577171e-01]
 [  4.95760100e-01  -2.19744400e+00   3.31372797e+00]
 [  7.75179400e-01  -9.85871000e-01  -1.30015820e+00]
 [  5.74964100e-01  -2.87205000e-01  -4.01530885e-01]
 [ -1.28353300e+00   3.68872500e-01  -1.66015495e-01]
 [  3.15803000e+00   5.34769800e-01   3.47896151e-01]
 [ -8.90927000e-01   3.38319000e-01  -2.19941859e-01]
 [  1.72465030e+00  -1.18084400e+00   1.25718911e+00]
 [ -1.29119200e+00   1.72063500e-01   3.00106670e-01]
 [ -1.27113600e+00  -2.34219800e+00  -2.30666217e+00]
 [ -4.85574000e-01  -1.71116300e+00  -1.27731200e+00]
 [ -3.24263000e-01  -6.90574000e-01   3.73892647e-01]
 [ -4.45746000e-01   1.36198660e+00   6.82171282e-01]
 [ -1.40815000e-01  -1.58266000e-01  -5.85353923e-02]
 [  2.00491330e+00  -4.72755000e-01   1.16984643e-01]
 [ -7.15446000e-01  -9.11298000e-01   3.02540000e-01]
 [  1.22137770e+00   9.08076000e-02   8.41485152e-02]
 [ -1.07743100e+00   8.71545700e-01  -4.97971580e-01]
 [  4.32452700e-01  -1.02535000e+00   8.90291923e-01]
 [  9.81813400e-01   1.37183600e-01  -1.96353356e-01]
 [  1.50748700e-01   7.55059300e-01   2.52851993e-01]
 [ -8.33514000e-01  -2.10870400e+00  -2.05523380e+00]
 [ -8.67665000e-01   7.75649000e-02  -1.16804828e-01]
 [  1.76554900e-01  -2.21558000e-01  -1.99271481e-03]
 [ -2.69100000e-01   1.85591100e-01  -1.98654115e-01]
 [ -1.83796000e-01  -3.17514000e-01  -6.72332625e-01]
 [  1.05190440e+00  -9.88715000e-01   1.42464043e+00]
 [  1.16349520e+00  -1.71588400e+00  -2.43275117e-01]
 [ -2.41880000e-02  -1.63434400e+00   1.85442149e+00]
 [  8.09437500e-01   6.48279500e-01  -8.41304721e-02]
 [  2.02190700e-01   9.19361500e-01  -2.06182446e-01]
 [  3.89157400e-01   9.14389400e-01   5.64353365e-01]
 [  5.33958500e-01   1.61329530e+00  -1.59793189e+00]
 [  1.20504980e+00   1.81567480e+00   2.28033830e+00]
 [  4.05760200e-01   1.96030000e-02   5.83948670e-03]
 [  3.89356500e-01  -8.39703000e-01  -6.89802579e-01]
 [ -1.49026700e+00   1.40934810e+00   8.47529238e-01]
 [ -5.76225000e-01  -1.13689400e+00  -2.49355871e-01]
 [  9.88756400e-01   2.00931900e-01   8.50795898e-03]
 [  1.40096150e+00   1.51397200e-01   9.05706043e-02]
 [ -5.44164000e-01   4.90985800e-01   5.21190559e-01]
 [ -5.62334000e-01  -1.07167000e+00   8.98564217e-01]
 [ -3.38423000e-01  -2.01424000e-01  -1.30063465e-01]
 [  7.22635600e-01  -1.47349000e-01   3.14853870e-02]
 [ -1.72608900e+00   2.71495600e-01   4.39603911e-01]
 [ -2.75074000e-01   1.06159760e+00   1.83582583e+00]
 [ -1.12245000e+00   5.74298600e-01  -6.13373877e-02]
 [ -1.64698200e+00  -2.11431000e-01  -2.55221616e-01]
 [  1.30097280e+00  -3.22690000e-02   1.14189665e-02]
 [ -1.02016100e+00   7.57145500e-01   2.04799302e-01]
 [ -8.51275000e-01   3.83799300e-01   3.85840920e-01]
 [  8.52182100e-01   1.50930500e-01  -7.95886713e-02]
 [  4.50723000e-01   1.50254980e+00  -2.31768307e-01]
 [ -9.52532000e-01   1.34309060e+00  -5.61534092e-01]
 [  1.48512680e+00   5.22018600e-01  -6.97985328e-01]
 [  4.35956900e-01  -5.34189000e-01  -1.12849045e+00]
 [  2.09722440e+00   4.81005000e-01  -4.38145049e-01]
 [  4.54704400e-01  -5.56800000e-01   8.99755392e-02]
 [ -3.09613000e-01  -5.99043000e-01  -8.50163623e-02]
 [ -2.36241000e-01   1.28138280e+00  -1.64308000e+00]
 [  1.99250020e+00   1.01153920e+00  -1.41362502e+00]
 [  4.56235400e-01  -1.63272100e+00   1.38095379e+00]
 [ -2.15442000e-01   6.82637900e-01   5.33436192e-01]
 [  2.51228820e+00   1.82664960e+00   3.40194345e+00]
 [  6.62870200e-01   1.41243910e+00  -1.41413120e+00]
 [  1.39936720e+00  -5.20010000e-02  -9.81604937e-02]
 [ -1.77533300e+00  -2.06580000e-02   9.47762185e-03]
 [  3.21625800e-01  -4.42487000e-01   5.87128921e-01]
 [ -1.34319200e+00  -1.86031800e+00  -1.04011310e+00]
 [ -4.37094000e-01  -1.16648700e+00  -1.41596707e+00]
 [ -1.62975500e+00   3.85760500e-01   1.24259089e-01]
 [ -1.03554000e+00  -9.49164000e-01   1.16463467e+00]
 [ -1.30280000e-01  -5.54425000e-01   5.70099704e-01]
 [ -2.86954000e-01   7.31515900e-01  -1.38910480e-01]
 [  2.99928900e-01   1.21362500e+00   1.24265697e+00]
 [ -1.69245800e+00  -2.28017000e-01   3.81630685e-01]
 [ -4.81210000e-01   1.79952900e-01   2.77590665e-01]
 [  1.41702590e+00   1.24133120e+00   1.20579934e-01]
 [  1.21805550e+00  -1.14054900e+00  -5.39036003e-01]
 [  3.94604800e-01  -1.62060000e-01   3.13103972e-01]
 [  4.61618500e-01   8.29851000e-02  -2.01537614e-03]
 [ -9.28506000e-01  -2.42091000e-01  -1.71432626e-02]
 [ -5.26985000e-01  -1.48752000e+00   1.38294883e+00]
 [  1.39301100e+00   1.16429200e-01  -6.32304864e-02]
 [  6.43972100e-01   1.32909200e-01  -3.02050245e-01]
 [ -1.67672000e+00  -3.39355000e-01  -8.48434670e-01]
 [  1.14570660e+00  -5.63545000e-01   1.41477972e-01]
 [ -1.01856300e+00  -2.69363400e+00   4.15134522e+00]
 [  1.80309940e+00   5.12356900e-01   2.97768919e-01]]

All but two variable names deleted
['a', 'x2']

All but Two columns deleted
[[  6.94087000e-02  -2.22707531e-02]
 [  9.25882400e-01  -1.77563319e+00]
 [  1.34592100e-01  -6.49389386e-02]
 [ -6.45815000e-01   8.91592815e-01]
 [ -4.46571000e-01   2.03228210e-01]
 [  1.30465010e+00   6.22362456e-01]
 [  7.62075400e-01  -1.46133292e-01]
 [ -6.00172000e-01  -5.51123543e-02]
 [  1.69368540e+00   1.64064290e+00]
 [ -9.00123000e-01   1.43715438e-01]
 [ -1.74503900e+00   1.17825033e+00]
 [ -2.65767000e-01   3.34646631e-01]
 [ -1.50799200e+00  -7.47602265e-01]
 [  1.31879140e+00   1.02229993e+00]
 [  1.39806370e+00   8.03836437e-01]
 [ -4.50062000e-01   5.77669429e-01]
 [  6.50553100e-01   2.05446621e+00]
 [ -6.50102000e-01   5.79193425e-01]
 [ -1.06465300e+00  -1.83615412e+00]
 [  1.74416230e+00  -2.25204841e+00]
 [  9.84828000e-01  -1.25185032e+00]
 [  7.46458400e-01  -3.62460791e-01]
 [ -5.41423000e-01   1.75563446e-01]
 [  5.00864900e-01  -2.23258526e-01]
 [  3.69854500e-01  -5.20810614e-02]
 [ -2.47453000e-01  -4.96121811e-01]
 [ -3.31988000e-01   2.37519487e-01]
 [  9.26668200e-01   1.13181187e+00]
 [ -5.71366000e-01   6.15607441e-01]
 [ -8.68281000e-01  -3.75490463e-01]
 [ -1.43131800e+00  -1.40528719e+00]
 [  3.34877000e-01   5.04822724e-02]
 [  9.74643100e-01  -8.12378669e-01]
 [ -1.50589800e+00   1.30661499e+00]
 [  8.99410000e-03   1.58795243e-03]
 [ -1.07038600e+00   2.88040873e-01]
 [  2.11748970e+00  -3.89186137e-01]
 [ -1.44090100e+00  -1.51569010e+00]
 [  1.41778300e-01   1.64958372e-01]
 [ -1.13465800e+00   2.74451077e-02]
 [ -1.29775000e-01  -1.05044752e-01]
 [ -2.24267000e-01  -4.53447017e-02]
 [  6.17191500e-01   2.40184639e-01]
 [ -9.90477000e-01  -5.28873613e-01]
 [  1.25591780e+00   1.51344349e+00]
 [  2.97887400e-01   1.20870851e-01]
 [  8.21484000e-01   3.19850135e-01]
 [  6.01362600e-01  -8.96190838e-01]
 [  2.19330800e-01  -1.26383890e-01]
 [  4.23425000e-02   4.18664179e-02]
 [  5.98231700e-01   8.38099580e-01]
 [  1.06151860e+00  -5.77640207e-01]
 [ -8.38471000e-01   4.71500751e-01]
 [  6.45719800e-01  -2.18526432e-01]
 [ -2.13679000e-01  -1.54412052e-01]
 [  1.61919350e+00  -2.79487209e+00]
 [  1.72930480e+00  -4.75686789e-01]
 [ -1.06804000e-01   1.19882150e-01]
 [  1.20711540e+00  -1.98809734e+00]
 [ -3.53868000e-01  -4.60372643e-01]
 [  2.70488700e-01  -2.75942023e-01]
 [  1.00531950e+00  -8.55803357e-01]
 [ -5.27320000e-01  -4.49372665e-01]
 [ -1.54250000e-01  -6.95240227e-02]
 [ -4.18091000e-01   3.98245056e-01]
 [ -1.33708900e+00  -1.98574671e+00]
 [  2.11253030e+00   9.20972161e-01]
 [ -9.10895000e-01  -1.91035122e+00]
 [ -1.61594000e-01  -7.34775028e-02]
 [  1.41920300e-01  -4.39403698e-02]
 [ -1.28227100e+00   3.02924983e-01]
 [ -1.39749900e+00  -2.78451704e+00]
 [ -8.45799000e-01  -3.85883445e-01]
 [  7.81433600e-01  -1.68353618e-01]
 [  1.86239520e+00   4.67887348e+00]
 [ -1.00119800e+00  -6.63664318e-01]
 [  1.88766550e+00   2.64153719e+00]
 [ -4.58787000e-01   8.14499701e-01]
 [ -1.32688400e+00  -4.26760128e-01]
 [  5.59105000e-01  -7.50985363e-01]
 [  1.21387300e+00  -5.30576605e-01]
 [  3.22114600e-01  -5.24967880e-01]
 [ -1.22701100e+00   1.27061897e+00]
 [ -1.02827200e+00   1.33963276e-01]
 [ -1.89894000e-01   5.44908429e-02]
 [  1.02392170e+00   3.07103709e-01]
 [ -1.67369400e+00   2.83265680e+00]
 [  1.54257400e+00  -7.42302035e-01]
 [  9.71376000e-02   1.37646495e-01]
 [  4.72611000e-01   5.75666428e-01]
 [ -1.93202500e+00  -7.62386339e-01]
 [ -2.42860000e-02  -1.12108669e-02]
 [  7.08133000e-02  -6.57505739e-02]
 [ -9.29701000e-01   4.89938481e-01]
 [ -5.43081000e-01  -7.56517807e-01]
 [ -2.27260600e+00  -1.46349486e+00]
 [  2.50013900e+00  -4.19203306e+00]
 [ -2.51050000e-01  -2.87629642e-01]
 [ -1.54116900e+00   1.56977772e+00]
 [  5.81174800e-01   1.04791593e+00]]

Reduced number of observations following the selection rule
[[ -1.43131800e+00  -1.40528719e+00   9.81813400e-01   1.37183600e-01
   -1.96353356e-01]
 [  3.34877000e-01   5.04822724e-02   1.50748700e-01   7.55059300e-01
    2.52851993e-01]
 [  9.74643100e-01  -8.12378669e-01  -8.33514000e-01  -2.10870400e+00
   -2.05523380e+00]
 [ -1.50589800e+00   1.30661499e+00  -8.67665000e-01   7.75649000e-02
   -1.16804828e-01]
 [  8.99410000e-03   1.58795243e-03   1.76554900e-01  -2.21558000e-01
   -1.99271481e-03]
 [ -1.07038600e+00   2.88040873e-01  -2.69100000e-01   1.85591100e-01
   -1.98654115e-01]
 [  2.11748970e+00  -3.89186137e-01  -1.83796000e-01  -3.17514000e-01
   -6.72332625e-01]
 [ -1.44090100e+00  -1.51569010e+00   1.05190440e+00  -9.88715000e-01
    1.42464043e+00]
 [  1.41778300e-01   1.64958372e-01   1.16349520e+00  -1.71588400e+00
   -2.43275117e-01]
 [ -1.13465800e+00   2.74451077e-02  -2.41880000e-02  -1.63434400e+00
    1.85442149e+00]
 [ -1.29775000e-01  -1.05044752e-01   8.09437500e-01   6.48279500e-01
   -8.41304721e-02]
 [ -2.24267000e-01  -4.53447017e-02   2.02190700e-01   9.19361500e-01
   -2.06182446e-01]
 [  6.17191500e-01   2.40184639e-01   3.89157400e-01   9.14389400e-01
    5.64353365e-01]
 [ -9.90477000e-01  -5.28873613e-01   5.33958500e-01   1.61329530e+00
   -1.59793189e+00]
 [  1.25591780e+00   1.51344349e+00   1.20504980e+00   1.81567480e+00
    2.28033830e+00]
 [  2.97887400e-01   1.20870851e-01   4.05760200e-01   1.96030000e-02
    5.83948670e-03]
 [  8.21484000e-01   3.19850135e-01   3.89356500e-01  -8.39703000e-01
   -6.89802579e-01]
 [  6.01362600e-01  -8.96190838e-01  -1.49026700e+00   1.40934810e+00
    8.47529238e-01]
 [  2.19330800e-01  -1.26383890e-01  -5.76225000e-01  -1.13689400e+00
   -2.49355871e-01]
 [  4.23425000e-02   4.18664179e-02   9.88756400e-01   2.00931900e-01
    8.50795898e-03]
 [  5.98231700e-01   8.38099580e-01   1.40096150e+00   1.51397200e-01
    9.05706043e-02]
 [  1.06151860e+00  -5.77640207e-01  -5.44164000e-01   4.90985800e-01
    5.21190559e-01]
 [ -8.38471000e-01   4.71500751e-01  -5.62334000e-01  -1.07167000e+00
    8.98564217e-01]
 [  6.45719800e-01  -2.18526432e-01  -3.38423000e-01  -2.01424000e-01
   -1.30063465e-01]
 [ -2.13679000e-01  -1.54412052e-01   7.22635600e-01  -1.47349000e-01
    3.14853870e-02]
 [  1.61919350e+00  -2.79487209e+00  -1.72608900e+00   2.71495600e-01
    4.39603911e-01]
 [  1.72930480e+00  -4.75686789e-01  -2.75074000e-01   1.06159760e+00
    1.83582583e+00]
 [ -1.06804000e-01   1.19882150e-01  -1.12245000e+00   5.74298600e-01
   -6.13373877e-02]
 [  1.20711540e+00  -1.98809734e+00  -1.64698200e+00  -2.11431000e-01
   -2.55221616e-01]
 [ -3.53868000e-01  -4.60372643e-01   1.30097280e+00  -3.22690000e-02
    1.14189665e-02]
 [  2.70488700e-01  -2.75942023e-01  -1.02016100e+00   7.57145500e-01
    2.04799302e-01]
 [  1.00531950e+00  -8.55803357e-01  -8.51275000e-01   3.83799300e-01
    3.85840920e-01]
 [ -5.27320000e-01  -4.49372665e-01   8.52182100e-01   1.50930500e-01
   -7.95886713e-02]
 [ -1.54250000e-01  -6.95240227e-02   4.50723000e-01   1.50254980e+00
   -2.31768307e-01]
 [ -4.18091000e-01   3.98245056e-01  -9.52532000e-01   1.34309060e+00
   -5.61534092e-01]
 [ -1.33708900e+00  -1.98574671e+00   1.48512680e+00   5.22018600e-01
   -6.97985328e-01]
 [  2.11253030e+00   9.20972161e-01   4.35956900e-01  -5.34189000e-01
   -1.12849045e+00]
 [ -9.10895000e-01  -1.91035122e+00   2.09722440e+00   4.81005000e-01
   -4.38145049e-01]
 [ -1.61594000e-01  -7.34775028e-02   4.54704400e-01  -5.56800000e-01
    8.99755392e-02]
 [  1.41920300e-01  -4.39403698e-02  -3.09613000e-01  -5.99043000e-01
   -8.50163623e-02]
 [ -1.28227100e+00   3.02924983e-01  -2.36241000e-01   1.28138280e+00
   -1.64308000e+00]
 [ -1.39749900e+00  -2.78451704e+00   1.99250020e+00   1.01153920e+00
   -1.41362502e+00]
 [ -8.45799000e-01  -3.85883445e-01   4.56235400e-01  -1.63272100e+00
    1.38095379e+00]
 [  7.81433600e-01  -1.68353618e-01  -2.15442000e-01   6.82637900e-01
    5.33436192e-01]
 [  1.86239520e+00   4.67887348e+00   2.51228820e+00   1.82664960e+00
    3.40194345e+00]
 [ -1.00119800e+00  -6.63664318e-01   6.62870200e-01   1.41243910e+00
   -1.41413120e+00]
 [  1.88766550e+00   2.64153719e+00   1.39936720e+00  -5.20010000e-02
   -9.81604937e-02]
 [ -4.58787000e-01   8.14499701e-01  -1.77533300e+00  -2.06580000e-02
    9.47762185e-03]
 [ -1.32688400e+00  -4.26760128e-01   3.21625800e-01  -4.42487000e-01
    5.87128921e-01]
 [  5.59105000e-01  -7.50985363e-01  -1.34319200e+00  -1.86031800e+00
   -1.04011310e+00]
 [  1.21387300e+00  -5.30576605e-01  -4.37094000e-01  -1.16648700e+00
   -1.41596707e+00]
 [  3.22114600e-01  -5.24967880e-01  -1.62975500e+00   3.85760500e-01
    1.24259089e-01]
 [ -1.22701100e+00   1.27061897e+00  -1.03554000e+00  -9.49164000e-01
    1.16463467e+00]
 [ -1.02827200e+00   1.33963276e-01  -1.30280000e-01  -5.54425000e-01
    5.70099704e-01]
 [ -1.89894000e-01   5.44908429e-02  -2.86954000e-01   7.31515900e-01
   -1.38910480e-01]
 [  1.02392170e+00   3.07103709e-01   2.99928900e-01   1.21362500e+00
    1.24265697e+00]
 [ -1.67369400e+00   2.83265680e+00  -1.69245800e+00  -2.28017000e-01
    3.81630685e-01]
 [  1.54257400e+00  -7.42302035e-01  -4.81210000e-01   1.79952900e-01
    2.77590665e-01]
 [  9.71376000e-02   1.37646495e-01   1.41702590e+00   1.24133120e+00
    1.20579934e-01]
 [  4.72611000e-01   5.75666428e-01   1.21805550e+00  -1.14054900e+00
   -5.39036003e-01]
 [ -1.93202500e+00  -7.62386339e-01   3.94604800e-01  -1.62060000e-01
    3.13103972e-01]
 [ -2.42860000e-02  -1.12108669e-02   4.61618500e-01   8.29851000e-02
   -2.01537614e-03]
 [  7.08133000e-02  -6.57505739e-02  -9.28506000e-01  -2.42091000e-01
   -1.71432626e-02]
 [ -9.29701000e-01   4.89938481e-01  -5.26985000e-01  -1.48752000e+00
    1.38294883e+00]
 [ -5.43081000e-01  -7.56517807e-01   1.39301100e+00   1.16429200e-01
   -6.32304864e-02]
 [ -2.27260600e+00  -1.46349486e+00   6.43972100e-01   1.32909200e-01
   -3.02050245e-01]
 [  2.50013900e+00  -4.19203306e+00  -1.67672000e+00  -3.39355000e-01
   -8.48434670e-01]
 [ -2.51050000e-01  -2.87629642e-01   1.14570660e+00  -5.63545000e-01
    1.41477972e-01]
 [ -1.54116900e+00   1.56977772e+00  -1.01856300e+00  -2.69363400e+00
    4.15134522e+00]
 [  5.81174800e-01   1.04791593e+00   1.80309940e+00   5.12356900e-01
    2.97768919e-01]]

Reduced number of observations following the inverse of the selection rule
[[ 0.0694087  -0.02227075 -0.320864    1.3925794   0.09665713]
 [ 0.9258824  -1.77563319 -1.917774    0.3407899   0.31553137]
 [ 0.1345921  -0.06493894 -0.482487   -0.983089   -0.13231601]
 [-0.645815    0.89159281 -1.38057    -0.950351    0.61375093]
 [-0.446571    0.20322821 -0.455086   -1.508814    0.67379258]
 [ 1.3046501   0.62236246  0.477034    0.1949804   0.2543812 ]
 [ 0.7620754  -0.14613329 -0.191757    1.9918968   1.51797555]
 [-0.600172   -0.05511235  0.0918276   1.0025656  -0.6017118 ]
 [ 1.6936854   1.6406429   0.9686822  -0.431852   -0.73142143]
 [-0.900123    0.14371544 -0.159662    0.2764411  -0.24883099]
 [-1.745039    1.17825033 -0.6752      0.2220929  -0.38756077]
 [-0.265767    0.33464663 -1.259173    0.5515251  -0.14657717]
 [-1.507992   -0.74760226  0.4957601  -2.197444    3.31372797]
 [ 1.3187914   1.02229993  0.7751794  -0.985871   -1.3001582 ]
 [ 1.3980637   0.80383644  0.5749641  -0.287205   -0.40153088]
 [-0.450062    0.57766943 -1.283533    0.3688725  -0.1660155 ]
 [ 0.6505531   2.05446621  3.15803     0.5347698   0.34789615]
 [-0.650102    0.57919342 -0.890927    0.338319   -0.21994186]
 [-1.064653   -1.83615412  1.7246503  -1.180844    1.25718911]
 [ 1.7441623  -2.25204841 -1.291192    0.1720635   0.30010667]
 [ 0.984828   -1.25185032 -1.271136   -2.342198   -2.30666217]
 [ 0.7464584  -0.36246079 -0.485574   -1.711163   -1.277312  ]
 [-0.541423    0.17556345 -0.324263   -0.690574    0.37389265]
 [ 0.5008649  -0.22325853 -0.445746    1.3619866   0.68217128]
 [ 0.3698545  -0.05208106 -0.140815   -0.158266   -0.05853539]
 [-0.247453   -0.49612181  2.0049133  -0.472755    0.11698464]
 [-0.331988    0.23751949 -0.715446   -0.911298    0.30254   ]
 [ 0.9266682   1.13181187  1.2213777   0.0908076   0.08414852]
 [-0.571366    0.61560744 -1.077431    0.8715457  -0.49797158]
 [-0.868281   -0.37549046  0.4324527  -1.02535     0.89029192]]

==============================================================
==================== Database information ====================
==============================================================

file:				/Users/vrn953/Documents/OfficeProjects/SciPy/./dbase_test_files/data.pickle
# obs:				100
# variables:		5
Start date:			08 Jan 2001
End date:			02 Dec 2002

var				min			max			mean		std.dev
==============================================================
a    			-2.27		2.50 		0.03 		1.04 
b    			-2.69		1.99 		-0.05		0.99 
c    			-1.92		3.16 		0.04 		1.06 
x1   			-2.31		4.15 		0.12 		1.01 
x2   			-4.19		4.68 		-0.06		1.17 

==============================================================
==================== Database information ====================
==============================================================

file:				/Users/vrn953/Documents/OfficeProjects/SciPy/./dbase_test_files/data.pickle
# obs:				70
# variables:		2
Start date:			06 Aug 2001
End date:			02 Dec 2002

var				min			max			mean		std.dev
==============================================================
b    			-2.69		1.83 		0.02 		0.97 
c    			-1.78		2.51 		0.10 		1.03 
